1.0 0.89137254902 1.03843137255 1.08960784314 1.18215686275 1.92764705882 2.06431372549 2.47 2.45078431373 1.78588235294 1.66431372549 1.50588235294
1.0 1.045 1.614 1.7035 1.293 1.26025 1.12325 1.0525 0.827 0.67325 0.655 0.60875
1.0 0.941205673759 0.873758865248 0.869255319149 0.863829787234 0.665141843972 0.541382978723 0.485070921986 0.503936170213 0.763156028369 0.76414893617 0.825106382979
1.0 1.04833333333 1.015625 1.09875 1.10645833333 1.11666666667 1.17083333333 1.31229166667 1.53916666667 2.02458333333 2.49 3.006875
1.0 0.986666666667 1.11285714286 1.19571428571 1.4219047619 2.66952380952 3.79666666667 5.40095238095 4.75476190476 3.64857142857 3.42571428571 3.02428571429
1.0 0.966774193548 1.15838709677 1.52516129032 1.79064516129 4.22838709677 4.1335483871 3.39806451613 1.75677419355 1.37548387097 1.29258064516 1.23935483871
1.0 1.77904761905 3.48476190476 5.6919047619 4.04095238095 2.68857142857 2.35571428571 2.2619047619 1.55761904762 1.3719047619 1.33714285714 1.25333333333
1.0 1.2125 1.336875 1.18625 1.235625 1.02375 1.08875 1.07625 1.471875 2.853125 4.49625 6.8325
1.0 2.67 2.41 3.75 6.18 38.8 86.92 25.58 14.81 6.73 2.72 2.42
1.0 1.12333333333 2.19666666667 3.77833333333 3.39333333333 10.5983333333 13.695 14.3966666667 8.97333333333 8.405 7.62166666667 6.56333333333
